[gd_scene load_steps=3 format=2]

[ext_resource path="res://Models/main_char.glb" type="PackedScene" id=1]
[ext_resource path="res://ModelsIdle.tres" type="Animation" id=2]

[node name="main_char" instance=ExtResource( 1 )]

[node name="Armature" parent="." index="0"]
transform = Transform( -0.0217432, 3.09688e-16, -7.08482e-09, 0, 0.0217432, 9.50424e-10, 7.08482e-09, 9.50424e-10, -0.0217432, 0, 0, 0 )

[node name="Skeleton" parent="Armature" index="0"]
bones/2/bound_children = [ NodePath("BoneAttachment5"), NodePath("BoneAttachment6"), NodePath("BoneAttachment7"), NodePath("BoneAttachment8") ]
bones/6/bound_children = [ NodePath("BoneAttachment"), NodePath("BoneAttachment2"), NodePath("BoneAttachment3"), NodePath("BoneAttachment4") ]

[node name="BoneAttachment" parent="Armature/Skeleton" index="0"]
transform = Transform( -0.994841, 0.0986231, -0.0237475, 0.101367, 0.975454, -0.195483, 0.00388554, -0.196881, -0.980419, 2.47334, 120.444, 1.45411 )

[node name="BoneAttachment2" parent="Armature/Skeleton" index="1"]
transform = Transform( -0.994841, 0.0986231, -0.0237475, 0.101367, 0.975454, -0.195483, 0.00388554, -0.196881, -0.980419, 2.47334, 120.444, 1.45411 )

[node name="BoneAttachment3" parent="Armature/Skeleton" index="2"]
transform = Transform( -0.994841, 0.0986231, -0.0237475, 0.101367, 0.975454, -0.195483, 0.00388554, -0.196881, -0.980419, 2.47334, 120.444, 1.45411 )

[node name="BoneAttachment4" parent="Armature/Skeleton" index="3"]
transform = Transform( -0.994841, 0.0986231, -0.0237475, 0.101367, 0.975454, -0.195483, 0.00388554, -0.196881, -0.980419, 2.47334, 120.444, 1.45411 )

[node name="BoneAttachment5" parent="Armature/Skeleton" index="4"]
transform = Transform( -0.991661, 0.0416723, -0.121952, 0.0401826, 0.999085, 0.0146504, 0.122451, 0.00962792, -0.992428, -0.446685, 85.3611, 1.17587 )

[node name="BoneAttachment6" parent="Armature/Skeleton" index="5"]
transform = Transform( -0.991661, 0.0416723, -0.121952, 0.0401826, 0.999085, 0.0146504, 0.122451, 0.00962792, -0.992428, -0.446685, 85.3611, 1.17587 )

[node name="BoneAttachment7" parent="Armature/Skeleton" index="6"]
transform = Transform( -0.991661, 0.0416723, -0.121952, 0.0401826, 0.999085, 0.0146504, 0.122451, 0.00962792, -0.992428, -0.446685, 85.3611, 1.17587 )

[node name="BoneAttachment8" parent="Armature/Skeleton" index="7"]
transform = Transform( -0.991661, 0.0416723, -0.121952, 0.0401826, 0.999085, 0.0146504, 0.122451, 0.00962792, -0.992428, -0.446685, 85.3611, 1.17587 )

[node name="AnimationPlayer" parent="." index="1"]
anims/ModelsIdle = ExtResource( 2 )

[node name="AnimationTree" type="AnimationTree" parent="." index="2"]
